359.2132805153454
154.9082210271294
190.3611701408745
72.9318955850997
-0.864527813544273
-4.912783473717998
0.033213887276758156
-0.05735458030929168
-0.07842380530767867
-0.003266642238501562
0.025599506502650218
-0.06126420234810431
-189.57306354226432
0.0
0.0
0.0
0.0
0.0
0.0362083523659086
0.010148609324817953
-0.4298525471005832
5.803012178757746
-54.27083572939267
-55.378850858258815
-42.24965648238575
-8.330136230859843
-44.44572485203645
-0.4628661676611329
-137.6551201181025
13.167560370490685
-71.18680848812929
-42.84834527209489
-15.958905758335703
-43.979309443858554
-17.203620633735532
-11.06669262279051
-42.326084417703576
-0.8529316975888213
4.863884889527238
-2.2926742462127887
-54.29054356735946
-84.3948001708176
-49.430583360512465
-70.94568576630188
-1.1108062012597362
-5.004294255052677
-16.19286494426257
-56.100314039196704
-2.4713666482104992
-0.40594474778732553
-30.016382738940724
0.08324794748475622
-1.5206630447500658
-0.41276260663226355
0.0
7.448571106556733
-19.429286598174144
-111.16365352089792
0.0
-7.633128799311844
0.0
0.0
-1.1011266928637882
-1.3479994441469063
-4.468348640716268
0.0
11.378136670152715
-16.518006409050084
-31.031923544825798
-51.002559268801626
9.514372390927985
-7.144599895273873
28.469056235118583
10.03967756181099
4.815174170785058
-67.62326070782389
10.482553331955181
-48.63502148030822
-19.88393299694625
-39.35583258888882
-8.6700793831495
3.9077180170402546
-6.7351540435561175
-12.174818209071153
-7.916358539057313
6.164670183907027
-15.83200602479131
11.327011601722209
-35.80005073392537
-18.795452852621246
-47.47564742293906
-65.70131898092025
-66.58623445952992
24.893903410921034
-31.814247900946487
-3.9007587861767052
6.5568230757435995
-5.6748468731624895
4.873391905591342
14.712216158082912
6.181029410131224
-6.837081973211276
-8.585801136972286
0.9323349780716548
0.024079731418560672
0.057661765158585565
0.0
-0.06002425241555805
0.0
-16.633620379825473
-5.849890748326829
-12.3923584941214
-2.926878914953348
-80.26020790872036
6.71797055677114
-61.002984945517326
-75.37246886275467
-31.81363004903934
-18.17280378884761
-12.341461663138041
-66.20333126528331
-21.21791914412427
46.513109320347105
-17.508861834643614
-28.85087607405819
-51.65037376389474
1.5687991157736696
24.938626598907675
2.711772866810774
17.03705191604696
0.5126395713847307
-18.809862054998327
-27.468154086079327
3.3257357899355084
-33.26912747316778
18.071394015199594
-51.46095922104582
51.693349184305966
-85.70170330790823
-73.88884702820289
-36.04200298858507
0.0
-23.926150314087085
-4.092159842878925
-2.3343273767893242
-20.143020292164476
12.203688129357356
-34.04889330211667
-45.78085304737777
1.1713066161178347
1.6497384238471504
-25.118833405512643
-1.4839404531889206
0.0
0.0
0.0
-0.4663261350124421
0.0
