363.48929376250516
155.46799474539353
193.57489998223855
74.16844097874663
-0.9224812230529262
-4.449542024031506
0.031168217276415437
-0.05530891030894896
-0.07637813530875542
0.02268314171085632
0.003751906393206696
-0.059218532347761595
-192.5527908587983
0.0
0.0
0.0
0.0
0.0
0.03416268236556588
0.008102939324830102
-0.42780687710165993
5.82243384759941
-56.4697422814073
-55.13348399885586
-42.734925916980096
-8.413151407810567
-45.60027775719137
-0.4608281662470513
-139.79275406844576
13.640407718369788
-72.13532873036472
-42.63378604034808
-16.871844041676013
-42.62305584021888
-17.231687863494237
-11.565035268501171
-43.92376181596963
-0.8508860275785423
4.3624199144845655
-2.3029134373633213
-55.92252391674776
-85.67394924683204
-49.719280546830404
-72.22977855797922
-1.1087605312721964
-5.18404709534878
-16.672159684080576
-56.098679194546015
-2.4693209782229317
-0.4038990777884023
-31.297324474038827
0.08120227748583297
-1.5186173747691112
-0.4107169366333403
0.0
7.946645816557742
-21.099886773866157
-111.8847723813321
0.0
-7.631083129324277
0.0
0.0
-1.0990810228762207
-1.3459537741593388
-4.466302970728701
0.0
11.376090999983456
-18.601883887556085
-30.579292060250957
-52.058227275672145
10.446015640987136
-7.721016020138732
28.3067892708299
10.03763189164173
7.204681977698254
-68.76515235796984
12.186733872657623
-48.41364880377307
-19.88188732677699
-39.854202315868726
-9.168751338039618
3.905672347052687
-6.512437310674237
-13.768977888930797
-9.19488652823071
6.785839600347251
-16.330381829656925
11.67019231343742
-36.7158389411848
-19.005468549243812
-47.4736017527698
-66.2359065160034
-69.25741221040309
24.678066836438134
-32.727435300357115
-3.8987131161891377
6.612909408571979
-5.672801203174922
4.372164935526084
15.210989357929515
6.178983740143656
-6.835036303223709
-9.514525113891393
1.21967297055302
0.022034061418217954
0.05561609515824285
0.0
-0.057978582415215335
0.0
-17.131946764686997
-6.348729153255367
-12.39031282395214
-2.9248332449657806
-82.44643014964329
6.806887727371633
-63.041155053912924
-76.29930198867967
-33.21906689513835
-17.671635784594006
-12.443856018211868
-65.35175916210558
-20.900580923076948
45.91973581581462
-15.248250644828852
-29.348914858895917
-52.50626992032563
1.1160113551106663
25.055709170717932
1.7902124709929155
16.81394319931582
0.3290166267462596
-20.202646752836035
-26.957337954532306
4.052050489521716
-33.54768918424668
17.693589587308097
-51.45891355087656
51.79805311206321
-85.56477687455275
-76.10693439693087
-36.553605165820024
0.0
-24.84928163518346
-4.090114172891358
-2.3322817068017567
-20.140974622003156
12.201642459188097
-34.54769667262094
-47.314656851146395
1.2212269553343948
1.647692753859583
-26.030812134294393
-1.4818947816493677
0.0
0.0
0.0
-0.46428046501351883
0.0
